Angle  Strip1  Strip2  Strip3  Strip4  Strip5
(DEG)  RelInt  RelInt  RelInt  RelInt  RelInt
 
0.00	0.551	0.500	0.500	0.657	0.500
0.29	0.602	0.500	0.500	0.657	0.500
0.59	0.651	0.500	0.500	0.657	0.500
0.88	0.699	0.500	0.500	0.657	0.500
1.17	0.745	0.500	0.500	0.657	0.500
1.47	0.788	0.500	0.500	0.703	0.500
1.76	0.829	0.500	0.500	0.703	0.500
2.05	0.865	0.500	0.500	0.703	0.500
2.35	0.898	0.500	0.500	0.703	0.500
2.64	0.927	0.500	0.500	0.703	0.500
2.93	0.951	0.500	0.500	0.313	0.500
3.23	0.971	0.500	0.500	0.313	0.500
3.52	0.986	0.500	0.500	0.313	0.500
3.81	0.995	0.500	0.500	0.313	0.500
4.11	1.000	0.500	0.500	0.313	0.500
4.40	0.999	0.500	0.500	0.707	0.500
4.69	0.993	0.500	0.500	0.707	0.500
4.99	0.982	0.500	0.500	0.707	0.500
5.28	0.965	0.500	0.500	0.707	0.500
5.57	0.944	0.500	0.500	0.707	0.500
5.87	0.918	0.500	0.500	0.566	0.500
6.16	0.888	0.500	0.500	0.566	0.500
6.45	0.854	0.500	0.500	0.566	0.500
6.75	0.816	0.500	0.500	0.566	0.500
7.04	0.775	0.500	0.500	0.566	0.500
7.33	0.730	0.500	0.500	0.299	0.500
7.63	0.684	0.500	0.500	0.299	0.500
7.92	0.635	0.500	0.500	0.299	0.500
8.22	0.585	0.500	0.500	0.299	0.500
8.51	0.535	0.500	0.500	0.299	0.500
8.80	0.483	0.500	0.500	0.389	0.500
9.10	0.432	0.500	0.500	0.389	0.500
9.39	0.382	0.500	0.500	0.389	0.500
9.68	0.333	0.500	0.500	0.389	0.500
9.98	0.286	0.500	0.500	0.389	0.500
10.27	0.241	0.500	0.500	0.523	0.500
10.56	0.198	0.500	0.500	0.523	0.500
10.86	0.159	0.500	0.500	0.523	0.500
11.15	0.124	0.500	0.500	0.523	0.500
11.44	0.092	0.500	0.500	0.523	0.500
11.74	0.064	0.500	0.500	0.729	0.500
12.03	0.042	0.500	0.500	0.729	0.500
12.32	0.024	0.500	0.500	0.729	0.500
12.62	0.011	0.500	0.500	0.729	0.500
12.91	0.003	0.500	0.500	0.729	0.500
13.20	0.000	0.500	0.500	0.732	0.500
13.50	0.003	0.500	0.500	0.732	0.500
13.79	0.010	0.500	0.500	0.732	0.500
14.08	0.023	0.500	0.500	0.732	0.500
14.38	0.041	0.500	0.500	0.732	0.500
14.67	0.064	0.500	0.500	0.329	0.500
14.96	0.091	0.500	0.500	0.329	0.500
15.26	0.123	0.500	0.500	0.329	0.500
15.55	0.158	0.500	0.500	0.329	0.500
15.84	0.197	0.500	0.500	0.329	0.500
16.14	0.240	0.500	0.500	0.735	0.500
16.43	0.285	0.500	0.500	0.735	0.500
16.72	0.332	0.500	0.500	0.735	0.500
17.02	0.381	0.500	0.500	0.735	0.500
17.31	0.431	0.500	0.500	0.735	0.500
17.60	0.482	0.500	0.500	0.729	0.500
17.90	0.533	0.500	0.500	0.729	0.500
18.19	0.584	0.500	0.500	0.729	0.500
18.48	0.634	0.500	0.500	0.729	0.500
18.78	0.683	0.500	0.500	0.729	0.500
19.07	0.729	0.500	0.500	0.493	0.500
19.36	0.773	0.500	0.500	0.493	0.500
19.66	0.815	0.500	0.500	0.493	0.500
19.95	0.853	0.500	0.500	0.493	0.500
20.24	0.887	0.500	0.500	0.493	0.500
20.54	0.918	0.500	0.500	0.650	0.500
20.83	0.943	0.500	0.500	0.650	0.500
21.12	0.965	0.500	0.500	0.650	0.500
21.42	0.981	0.500	0.500	0.650	0.500
21.71	0.993	0.500	0.500	0.650	0.500
22.00	0.999	0.500	0.500	0.321	0.500
22.30	1.000	0.500	0.500	0.321	0.500
22.59	0.995	0.500	0.500	0.321	0.500
22.89	0.986	0.500	0.500	0.321	0.500
23.18	0.972	0.500	0.500	0.321	0.500
23.47	0.952	0.500	0.500	0.461	0.500
23.77	0.928	0.500	0.500	0.461	0.500
24.06	0.899	0.500	0.500	0.461	0.500
24.35	0.866	0.500	0.500	0.461	0.500
24.65	0.829	0.500	0.500	0.461	0.500
24.94	0.789	0.500	0.500	0.708	0.500
25.23	0.746	0.500	0.500	0.708	0.500
25.53	0.700	0.500	0.500	0.708	0.500
25.82	0.652	0.500	0.500	0.708	0.500
26.11	0.603	0.500	0.500	0.708	0.500
26.41	0.552	0.500	0.500	0.646	0.500
26.70	0.501	0.500	0.500	0.646	0.500
26.99	0.450	0.500	0.500	0.646	0.500
27.29	0.400	0.500	0.500	0.646	0.500
27.58	0.350	0.500	0.500	0.646	0.500
27.87	0.302	0.500	0.500	0.730	0.500
28.17	0.256	0.500	0.500	0.730	0.500
28.46	0.213	0.500	0.500	0.730	0.500
28.75	0.172	0.500	0.500	0.730	0.500
29.05	0.136	0.500	0.500	0.730	0.500
29.34	0.102	0.500	0.500	0.578	0.500
29.63	0.074	0.500	0.500	0.578	0.500
29.93	0.049	0.500	0.500	0.578	0.500
30.22	0.029	0.500	0.500	0.578	0.500
30.51	0.015	0.500	0.500	0.578	0.500
30.81	0.005	0.500	0.500	0.268	0.500
31.10	0.000	0.500	0.500	0.268	0.500
31.39	0.001	0.500	0.500	0.268	0.500
31.69	0.007	0.500	0.500	0.268	0.500
31.98	0.018	0.500	0.500	0.268	0.500
32.27	0.034	0.500	0.500	0.675	0.500
32.57	0.055	0.500	0.500	0.675	0.500
32.86	0.081	0.500	0.500	0.675	0.500
33.15	0.111	0.500	0.500	0.675	0.500
33.45	0.145	0.500	0.500	0.675	0.500
33.74	0.183	0.500	0.500	0.717	0.500
34.03	0.224	0.500	0.500	0.717	0.500
34.33	0.269	0.500	0.500	0.717	0.500
34.62	0.315	0.500	0.500	0.717	0.500
34.91	0.363	0.500	0.500	0.717	0.500
35.21	0.413	0.500	0.500	0.589	0.500
35.50	0.464	0.500	0.500	0.589	0.500
35.79	0.515	0.500	0.500	0.589	0.500
36.09	0.566	0.500	0.500	0.589	0.500
36.38	0.617	0.500	0.500	0.589	0.500
36.67	0.666	0.500	0.500	0.629	0.500
36.97	0.713	0.500	0.500	0.629	0.500
37.26	0.758	0.500	0.500	0.629	0.500
37.56	0.801	0.500	0.500	0.629	0.500
37.85	0.840	0.500	0.500	0.629	0.500
38.14	0.876	0.500	0.500	0.622	0.500
38.44	0.907	0.500	0.500	0.622	0.500
38.73	0.935	0.500	0.500	0.622	0.500
39.02	0.958	0.500	0.500	0.622	0.500
39.32	0.976	0.500	0.500	0.622	0.500
39.61	0.989	0.500	0.500	0.446	0.500
39.90	0.997	0.500	0.500	0.446	0.500
40.20	1.000	0.500	0.500	0.446	0.500
40.49	0.998	0.500	0.500	0.446	0.500
40.78	0.990	0.500	0.500	0.446	0.500
41.08	0.977	0.500	0.500	0.578	0.500
41.37	0.959	0.500	0.500	0.578	0.500
41.66	0.937	0.500	0.500	0.578	0.500
41.96	0.910	0.500	0.500	0.578	0.500
42.25	0.878	0.500	0.500	0.578	0.500
42.54	0.843	0.500	0.500	0.336	0.500
42.84	0.804	0.500	0.500	0.336	0.500
43.13	0.762	0.500	0.500	0.336	0.500
43.42	0.717	0.500	0.500	0.336	0.500
43.72	0.669	0.500	0.500	0.336	0.500
44.01	0.620	0.500	0.500	0.603	0.500
44.30	0.570	0.500	0.500	0.603	0.500
44.60	0.519	0.500	0.500	0.603	0.500
44.89	0.468	0.500	0.500	0.603	0.500
45.18	0.417	0.500	0.500	0.603	0.500
45.48	0.367	0.500	0.500	0.266	0.500
45.77	0.319	0.500	0.500	0.266	0.500
46.06	0.272	0.500	0.500	0.266	0.500
46.36	0.228	0.500	0.500	0.266	0.500
46.65	0.186	0.500	0.500	0.266	0.500
46.94	0.148	0.500	0.500	0.388	0.500
47.24	0.114	0.500	0.500	0.388	0.500
47.53	0.083	0.500	0.500	0.388	0.500
47.82	0.057	0.500	0.500	0.388	0.500
48.12	0.036	0.500	0.500	0.388	0.500
48.41	0.019	0.500	0.500	0.273	0.500
48.70	0.008	0.500	0.500	0.273	0.500
49.00	0.001	0.500	0.500	0.273	0.500
49.29	0.000	0.500	0.500	0.273	0.500
49.58	0.004	0.500	0.500	0.273	0.500
49.88	0.014	0.500	0.500	0.299	0.500
50.17	0.028	0.500	0.500	0.299	0.500
50.46	0.047	0.500	0.500	0.299	0.500
50.76	0.072	0.500	0.500	0.299	0.500
51.05	0.100	0.500	0.500	0.299	0.500
51.34	0.133	0.500	0.500	0.662	0.500
51.64	0.170	0.500	0.500	0.662	0.500
51.93	0.210	0.500	0.500	0.662	0.500
52.22	0.253	0.500	0.500	0.662	0.500
52.52	0.299	0.500	0.500	0.662	0.500
52.81	0.346	0.500	0.500	0.597	0.500
53.11	0.396	0.500	0.500	0.597	0.500
53.40	0.446	0.500	0.500	0.597	0.500
53.69	0.497	0.500	0.500	0.597	0.500
53.99	0.549	0.500	0.500	0.597	0.500
54.28	0.599	0.500	0.500	0.409	0.500
54.57	0.649	0.500	0.500	0.409	0.500
54.87	0.697	0.500	0.500	0.409	0.500
55.16	0.743	0.500	0.500	0.409	0.500
55.45	0.786	0.500	0.500	0.409	0.500
55.75	0.827	0.500	0.500	0.725	0.500
56.04	0.864	0.500	0.500	0.725	0.500
56.33	0.897	0.500	0.500	0.725	0.500
56.63	0.926	0.500	0.500	0.725	0.500
56.92	0.950	0.500	0.500	0.725	0.500
57.21	0.970	0.500	0.500	0.267	0.500
57.51	0.985	0.500	0.500	0.267	0.500
57.80	0.995	0.500	0.500	0.267	0.500
58.09	1.000	0.500	0.500	0.267	0.500
58.39	0.999	0.500	0.500	0.267	0.500
58.68	0.993	0.500	0.500	0.469	0.500
58.97	0.982	0.500	0.500	0.469	0.500
59.27	0.966	0.500	0.500	0.469	0.500
59.56	0.945	0.500	0.500	0.469	0.500
59.85	0.920	0.500	0.500	0.469	0.500
60.15	0.890	0.500	0.500	0.441	0.500
60.44	0.856	0.500	0.500	0.441	0.500
60.73	0.818	0.500	0.500	0.441	0.500
61.03	0.777	0.500	0.500	0.441	0.500
61.32	0.733	0.500	0.500	0.441	0.500
61.61	0.686	0.500	0.500	0.633	0.500
61.91	0.638	0.500	0.500	0.633	0.500
62.20	0.588	0.500	0.500	0.633	0.500
62.49	0.537	0.500	0.500	0.633	0.500
62.79	0.486	0.500	0.500	0.633	0.500
63.08	0.435	0.500	0.500	0.648	0.500
63.37	0.385	0.500	0.500	0.648	0.500
63.67	0.335	0.500	0.500	0.648	0.500
63.96	0.288	0.500	0.500	0.648	0.500
64.25	0.243	0.500	0.500	0.648	0.500
64.55	0.200	0.500	0.500	0.343	0.500
64.84	0.161	0.500	0.500	0.343	0.500
65.13	0.125	0.500	0.500	0.343	0.500
65.43	0.093	0.500	0.500	0.343	0.500
65.72	0.066	0.500	0.500	0.343	0.500
66.01	0.043	0.500	0.500	0.495	0.500
66.31	0.024	0.500	0.500	0.495	0.500
66.60	0.011	0.500	0.500	0.495	0.500
66.89	0.003	0.500	0.500	0.495	0.500
67.19	0.000	0.500	0.500	0.495	0.500
67.48	0.002	0.500	0.500	0.473	0.500
67.78	0.010	0.500	0.500	0.473	0.500
68.07	0.022	0.500	0.500	0.473	0.500
68.36	0.040	0.500	0.500	0.473	0.500
68.66	0.063	0.500	0.500	0.473	0.500
68.95	0.090	0.500	0.500	0.573	0.500
69.24	0.121	0.500	0.500	0.573	0.500
69.54	0.156	0.500	0.500	0.573	0.500
69.83	0.195	0.500	0.500	0.573	0.500
70.12	0.237	0.500	0.500	0.573	0.500
70.42	0.282	0.500	0.809	0.605	0.000
70.71	0.329	0.500	0.985	0.605	0.000
71.00	0.378	0.500	0.957	0.605	0.000
71.30	0.429	0.500	0.737	0.605	0.000
71.59	0.480	0.500	0.418	0.605	0.000
71.88	0.531	0.500	0.135	0.627	1.000
72.18	0.582	0.501	0.002	0.627	1.000
72.47	0.632	0.501	0.075	0.627	1.000
72.76	0.680	0.502	0.320	0.627	1.000
73.06	0.727	0.502	0.638	0.627	1.000
73.35	0.771	0.503	0.899	0.388	1.000
73.64	0.813	0.504	1.000	0.388	1.000
73.94	0.851	0.505	0.901	0.388	1.000
74.23	0.886	0.505	0.643	0.388	1.000
74.52	0.916	0.506	0.330	0.388	1.000
74.82	0.942	0.507	0.084	0.590	1.000
75.11	0.964	0.508	0.001	0.590	1.000
75.40	0.980	0.509	0.111	0.590	1.000
75.70	0.992	0.509	0.372	0.590	1.000
75.99	0.999	0.510	0.681	0.590	1.000
76.28	1.000	0.511	0.920	0.578	0.000
76.58	0.996	0.511	0.999	0.578	0.000
76.87	0.987	0.511	0.890	0.578	0.000
77.16	0.972	0.511	0.636	0.578	0.000
77.46	0.953	0.511	0.331	0.578	0.000
77.75	0.929	0.511	0.089	0.331	0.000
78.04	0.901	0.511	0.000	0.331	0.000
78.34	0.868	0.510	0.094	0.331	0.000
78.63	0.831	0.510	0.335	0.331	0.000
78.92	0.791	0.509	0.636	0.331	0.000
79.22	0.748	0.508	0.887	0.309	0.000
79.51	0.703	0.507	0.998	0.309	0.000
79.80	0.655	0.505	0.932	0.309	0.000
80.10	0.605	0.504	0.713	0.309	0.000
80.39	0.555	0.502	0.420	0.309	0.000
80.68	0.504	0.500	0.155	0.499	0.000
80.98	0.453	0.498	0.011	0.499	1.000
81.27	0.402	0.496	0.037	0.499	1.000
81.56	0.352	0.494	0.222	0.499	1.000
81.86	0.304	0.492	0.501	0.499	1.000
82.15	0.258	0.490	0.780	0.730	1.000
82.44	0.215	0.488	0.963	0.730	1.000
82.74	0.174	0.486	0.990	0.730	1.000
83.03	0.137	0.484	0.853	0.730	1.000
83.33	0.104	0.482	0.599	0.730	1.000
83.62	0.075	0.480	0.313	0.420	1.000
83.91	0.050	0.479	0.089	0.420	1.000
84.21	0.030	0.477	0.000	0.420	1.000
84.50	0.015	0.476	0.074	0.420	1.000
84.79	0.005	0.475	0.285	0.420	1.000
85.09	0.000	0.474	0.565	0.543	1.000
85.38	0.001	0.474	0.823	0.543	0.000
85.67	0.007	0.474	0.978	0.543	0.000
85.97	0.017	0.474	0.982	0.543	0.000
86.26	0.033	0.474	0.834	0.543	0.000
86.55	0.054	0.475	0.582	0.362	0.000
86.85	0.080	0.476	0.306	0.362	0.000
87.14	0.110	0.477	0.090	0.362	0.000
87.43	0.144	0.479	0.001	0.362	0.000
87.73	0.181	0.481	0.064	0.362	0.000
88.02	0.222	0.483	0.260	0.626	0.000
88.31	0.266	0.485	0.527	0.626	0.000
88.61	0.313	0.488	0.786	0.626	0.000
88.90	0.361	0.491	0.959	0.626	0.000
89.19	0.411	0.494	0.995	0.626	0.000
89.49	0.462	0.497	0.885	0.378	0.000
89.78	0.513	0.501	0.662	0.378	1.000
90.07	0.564	0.504	0.393	0.378	1.000
90.37	0.614	0.508	0.155	0.378	1.000
90.66	0.663	0.512	0.018	0.378	1.000
90.95	0.711	0.515	0.019	0.503	1.000
91.25	0.756	0.519	0.157	0.503	1.000
91.54	0.799	0.522	0.392	0.503	1.000
91.83	0.838	0.525	0.657	0.503	1.000
92.13	0.874	0.528	0.877	0.503	1.000
92.42	0.906	0.531	0.992	0.600	1.000
92.71	0.934	0.534	0.970	0.600	1.000
93.01	0.957	0.536	0.819	0.600	1.000
93.30	0.975	0.538	0.581	0.600	1.000
93.59	0.989	0.540	0.321	0.600	1.000
93.89	0.997	0.541	0.111	0.695	1.000
94.18	1.000	0.542	0.006	0.695	1.000
94.47	0.998	0.542	0.033	0.695	0.000
94.77	0.990	0.542	0.185	0.695	0.000
95.06	0.978	0.541	0.420	0.695	0.000
95.35	0.960	0.540	0.675	0.730	0.000
95.65	0.938	0.539	0.883	0.730	0.000
95.94	0.911	0.537	0.992	0.730	0.000
96.23	0.880	0.534	0.973	0.730	0.000
96.53	0.845	0.531	0.832	0.730	0.000
96.82	0.806	0.528	0.607	0.524	0.000
97.11	0.764	0.525	0.355	0.524	0.000
97.41	0.719	0.521	0.141	0.524	0.000
97.70	0.672	0.516	0.017	0.524	0.000
98.00	0.623	0.512	0.014	0.524	0.000
98.29	0.573	0.507	0.132	0.319	0.000
98.58	0.522	0.502	0.341	0.319	0.000
98.88	0.471	0.497	0.588	0.319	1.000
99.17	0.420	0.492	0.812	0.319	1.000
99.46	0.370	0.487	0.961	0.319	1.000
99.76	0.321	0.482	0.998	0.325	1.000
100.05	0.274	0.477	0.915	0.325	1.000
100.34	0.230	0.472	0.733	0.325	1.000
100.64	0.188	0.467	0.497	0.325	1.000
100.93	0.150	0.463	0.262	0.325	1.000
101.22	0.115	0.459	0.083	0.379	1.000
101.52	0.085	0.455	0.002	0.379	1.000
101.81	0.058	0.452	0.037	0.379	1.000
102.10	0.037	0.449	0.179	0.379	1.000
102.40	0.020	0.446	0.393	0.379	1.000
102.69	0.008	0.445	0.632	0.670	1.000
102.98	0.002	0.443	0.840	0.670	1.000
103.28	0.000	0.443	0.970	0.670	0.000
103.57	0.004	0.443	0.996	0.670	0.000
103.86	0.013	0.443	0.910	0.670	0.000
104.16	0.027	0.444	0.734	0.377	0.000
104.45	0.046	0.446	0.507	0.377	0.000
104.74	0.070	0.449	0.279	0.377	0.000
105.04	0.099	0.452	0.100	0.377	0.000
105.33	0.131	0.455	0.008	0.377	0.000
105.62	0.168	0.459	0.021	0.657	0.000
105.92	0.208	0.464	0.138	0.657	0.000
106.21	0.251	0.469	0.331	0.657	0.000
106.50	0.296	0.474	0.559	0.657	0.000
106.80	0.344	0.480	0.774	0.657	0.000
107.09	0.393	0.486	0.932	0.372	0.000
107.38	0.444	0.493	0.999	0.372	0.000
107.68	0.495	0.499	0.963	0.372	0.000
107.97	0.546	0.506	0.832	0.372	1.000
108.26	0.597	0.513	0.633	0.372	1.000
108.56	0.646	0.519	0.408	0.715	1.000
108.85	0.694	0.526	0.202	0.715	1.000
109.14	0.741	0.532	0.057	0.715	1.000
109.44	0.784	0.539	0.000	0.715	1.000
109.73	0.825	0.544	0.043	0.715	1.000
110.02	0.862	0.550	0.176	0.425	1.000
110.32	0.895	0.555	0.372	0.425	1.000
110.61	0.924	0.559	0.592	0.425	1.000
110.90	0.949	0.563	0.794	0.425	1.000
111.20	0.969	0.567	0.939	0.425	1.000
111.49	0.985	0.569	0.999	0.348	1.000
111.78	0.995	0.571	0.964	0.348	1.000
112.08	0.999	0.572	0.841	0.348	1.000
112.37	0.999	0.573	0.654	0.348	0.000
112.67	0.994	0.573	0.439	0.348	0.000
112.96	0.983	0.571	0.235	0.376	0.000
113.25	0.967	0.570	0.082	0.376	0.000
113.55	0.946	0.567	0.005	0.376	0.000
113.84	0.921	0.564	0.020	0.376	0.000
114.13	0.891	0.559	0.122	0.376	0.000
114.43	0.857	0.555	0.292	0.558	0.000
114.72	0.820	0.549	0.499	0.558	0.000
115.01	0.779	0.543	0.706	0.558	0.000
115.31	0.735	0.537	0.875	0.558	0.000
115.60	0.689	0.530	0.978	0.558	0.000
115.89	0.640	0.522	0.996	0.487	0.000
116.19	0.590	0.514	0.928	0.487	0.000
116.48	0.540	0.506	0.785	0.487	0.000
116.77	0.488	0.498	0.594	0.487	1.000
117.07	0.437	0.490	0.387	0.487	1.000
117.36	0.387	0.482	0.200	0.426	1.000
117.65	0.338	0.473	0.064	0.426	1.000
117.95	0.290	0.465	0.002	0.426	1.000
118.24	0.245	0.458	0.025	0.426	1.000
118.53	0.202	0.450	0.126	0.426	1.000
118.83	0.163	0.443	0.289	0.665	1.000
119.12	0.127	0.437	0.487	0.665	1.000
119.41	0.095	0.431	0.686	0.665	1.000
119.71	0.067	0.426	0.854	0.665	1.000
120.00	0.044	0.421	0.965	0.665	1.000
120.29	0.025	0.418	1.000	0.543	1.000
120.59	0.012	0.415	0.955	0.543	1.000
120.88	0.003	0.413	0.837	0.543	1.000
121.17	0.000	0.412	0.667	0.543	1.000
121.47	0.002	0.412	0.470	0.543	0.000
121.76	0.009	0.413	0.279	0.525	0.000
122.05	0.022	0.414	0.123	0.525	0.000
122.35	0.039	0.417	0.025	0.525	0.000
122.64	0.061	0.420	0.001	0.525	0.000
122.93	0.088	0.425	0.054	0.525	0.000
123.23	0.119	0.430	0.174	0.709	0.000
123.52	0.154	0.436	0.343	0.709	0.000
123.81	0.193	0.443	0.535	0.709	0.000
124.11	0.235	0.451	0.722	0.709	0.000
124.40	0.280	0.459	0.875	0.709	0.000
124.69	0.327	0.467	0.972	0.393	0.000
124.99	0.376	0.476	0.999	0.393	0.000
125.28	0.426	0.486	0.954	0.393	0.000
125.57	0.477	0.496	0.843	0.393	0.000
125.87	0.528	0.505	0.682	0.393	1.000
126.16	0.579	0.515	0.496	0.629	1.000
126.45	0.629	0.525	0.311	0.629	1.000
126.75	0.678	0.535	0.153	0.629	1.000
127.04	0.725	0.544	0.045	0.629	1.000
127.33	0.769	0.553	0.001	0.629	1.000
127.63	0.811	0.562	0.026	0.627	1.000
127.92	0.849	0.570	0.118	0.627	1.000
128.22	0.884	0.577	0.261	0.627	1.000
128.51	0.915	0.584	0.437	0.627	1.000
128.80	0.941	0.589	0.622	0.627	1.000
129.10	0.963	0.594	0.789	0.440	1.000
129.39	0.980	0.598	0.916	0.440	1.000
129.68	0.992	0.601	0.988	0.440	1.000
129.98	0.998	0.603	0.995	0.440	1.000
130.27	1.000	0.604	0.935	0.440	0.000
130.56	0.996	0.604	0.819	0.534	0.000
130.86	0.987	0.602	0.661	0.534	0.000
131.15	0.973	0.600	0.483	0.534	0.000
131.44	0.954	0.596	0.308	0.534	0.000
131.74	0.930	0.592	0.157	0.534	0.000
132.03	0.902	0.586	0.051	0.288	0.000
132.32	0.870	0.579	0.002	0.288	0.000
132.62	0.833	0.572	0.017	0.288	0.000
132.91	0.793	0.564	0.092	0.288	0.000
133.20	0.751	0.555	0.218	0.288	0.000
133.50	0.705	0.545	0.378	0.277	0.000
133.79	0.657	0.535	0.553	0.277	0.000
134.08	0.608	0.524	0.721	0.277	0.000
134.38	0.557	0.513	0.862	0.277	0.000
134.67	0.506	0.501	0.958	0.277	0.000
134.96	0.455	0.490	0.999	0.515	1.000
135.26	0.405	0.479	0.980	0.515	1.000
135.55	0.355	0.467	0.903	0.515	1.000
135.84	0.307	0.456	0.779	0.515	1.000
136.14	0.261	0.445	0.622	0.515	1.000
136.43	0.217	0.435	0.452	0.640	1.000
136.72	0.176	0.426	0.287	0.640	1.000
137.02	0.139	0.417	0.148	0.640	1.000
137.31	0.106	0.408	0.050	0.640	1.000
137.60	0.076	0.401	0.003	0.640	1.000
137.90	0.051	0.395	0.013	0.717	1.000
138.19	0.031	0.390	0.078	0.717	1.000
138.48	0.016	0.386	0.191	0.717	1.000
138.78	0.006	0.383	0.338	0.717	1.000
139.07	0.001	0.381	0.502	0.717	1.000
139.36	0.001	0.381	0.666	0.315	0.000
139.66	0.006	0.381	0.811	0.315	0.000
139.95	0.017	0.383	0.922	0.315	0.000
140.24	0.032	0.387	0.986	0.315	0.000
140.54	0.053	0.391	0.998	0.315	0.000
140.83	0.078	0.397	0.956	0.534	0.000
141.12	0.108	0.404	0.866	0.534	0.000
141.42	0.142	0.412	0.737	0.534	0.000
141.71	0.179	0.421	0.583	0.534	0.000
142.00	0.220	0.431	0.421	0.534	0.000
142.30	0.264	0.441	0.268	0.485	0.000
142.59	0.310	0.453	0.139	0.485	0.000
142.89	0.359	0.464	0.048	0.485	0.000
143.18	0.408	0.477	0.004	0.485	0.000
143.47	0.459	0.490	0.010	0.485	0.000
143.77	0.510	0.503	0.066	0.256	1.000
144.06	0.561	0.516	0.165	0.256	1.000
144.35	0.612	0.529	0.298	0.256	1.000
144.65	0.661	0.541	0.451	0.256	1.000
144.94	0.709	0.554	0.608	0.256	1.000
145.23	0.754	0.566	0.754	0.419	1.000
145.53	0.797	0.577	0.874	0.419	1.000
145.82	0.836	0.588	0.958	0.419	1.000
146.11	0.872	0.598	0.998	0.419	1.000
146.41	0.904	0.607	0.989	0.419	1.000
146.70	0.932	0.614	0.933	0.331	1.000
146.99	0.956	0.621	0.837	0.331	1.000
147.29	0.974	0.626	0.709	0.331	1.000
147.58	0.988	0.631	0.562	0.331	1.000
147.87	0.997	0.633	0.409	0.331	1.000
148.17	1.000	0.635	0.265	0.647	1.000
148.46	0.998	0.635	0.143	0.647	0.000
148.75	0.991	0.633	0.055	0.647	0.000
149.05	0.979	0.630	0.007	0.647	0.000
149.34	0.961	0.626	0.004	0.647	0.000
149.63	0.939	0.621	0.046	0.406	0.000
149.93	0.913	0.614	0.129	0.406	0.000
150.22	0.882	0.606	0.244	0.406	0.000
150.51	0.846	0.596	0.382	0.406	0.000
150.81	0.808	0.586	0.530	0.406	0.000
151.10	0.766	0.574	0.674	0.514	0.000
151.39	0.721	0.562	0.804	0.514	0.000
151.69	0.674	0.549	0.906	0.514	0.000
151.98	0.625	0.535	0.973	0.514	0.000
152.27	0.575	0.521	1.000	0.514	0.000
152.57	0.524	0.507	0.984	0.333	0.000
152.86	0.473	0.492	0.926	0.333	1.000
153.15	0.422	0.478	0.834	0.333	1.000
153.45	0.372	0.463	0.713	0.333	1.000
153.74	0.323	0.449	0.575	0.333	1.000
154.03	0.276	0.435	0.432	0.551	1.000
154.33	0.232	0.422	0.294	0.551	1.000
154.62	0.190	0.410	0.174	0.551	1.000
154.91	0.152	0.398	0.080	0.551	1.000
155.21	0.117	0.387	0.021	0.551	1.000
155.50	0.086	0.378	0.000	0.381	1.000
155.79	0.060	0.370	0.019	0.381	1.000
156.09	0.038	0.363	0.077	0.381	1.000
156.38	0.021	0.357	0.167	0.381	1.000
156.67	0.009	0.353	0.284	0.381	1.000
156.97	0.002	0.351	0.417	0.577	1.000
157.26	0.000	0.350	0.556	0.577	0.000
157.56	0.004	0.350	0.691	0.577	0.000
157.85	0.012	0.352	0.810	0.577	0.000
158.14	0.026	0.356	0.905	0.577	0.000
158.44	0.045	0.361	0.970	0.595	0.000
158.73	0.069	0.368	0.999	0.595	0.000
159.02	0.097	0.376	0.990	0.595	0.000
159.32	0.129	0.386	0.945	0.595	0.000
159.61	0.166	0.397	0.867	0.595	0.000
159.90	0.205	0.409	0.762	0.624	0.000
160.20	0.248	0.422	0.639	0.624	0.000
160.49	0.294	0.436	0.505	0.624	0.000
160.78	0.341	0.450	0.372	0.624	0.000
161.08	0.391	0.466	0.248	0.624	0.000
161.37	0.441	0.481	0.143	0.475	0.000
161.66	0.492	0.498	0.063	0.475	0.000
161.96	0.543	0.514	0.015	0.475	1.000
162.25	0.594	0.530	0.000	0.475	1.000
162.54	0.644	0.546	0.021	0.475	1.000
162.84	0.692	0.561	0.074	0.292	1.000
163.13	0.738	0.577	0.158	0.292	1.000
163.42	0.782	0.591	0.264	0.292	1.000
163.72	0.823	0.604	0.386	0.292	1.000
164.01	0.860	0.617	0.515	0.292	1.000
164.30	0.894	0.628	0.643	0.364	1.000
164.60	0.923	0.638	0.762	0.364	1.000
164.89	0.948	0.647	0.862	0.364	1.000
165.18	0.968	0.654	0.938	0.364	1.000
165.48	0.984	0.659	0.985	0.364	1.000
165.77	0.994	0.663	1.000	0.707	1.000
166.06	0.999	0.665	0.982	0.707	1.000
166.36	0.999	0.666	0.934	0.707	0.000
166.65	0.994	0.665	0.857	0.707	0.000
166.94	0.984	0.662	0.758	0.707	0.000
167.24	0.968	0.657	0.643	0.326	0.000
167.53	0.948	0.651	0.519	0.326	0.000
167.82	0.922	0.643	0.394	0.326	0.000
168.12	0.893	0.633	0.276	0.326	0.000
168.41	0.859	0.622	0.173	0.326	0.000
168.70	0.822	0.610	0.089	0.663	0.000
169.00	0.781	0.596	0.032	0.663	0.000
169.29	0.737	0.581	0.003	0.663	0.000
169.58	0.691	0.566	0.005	0.663	0.000
169.88	0.643	0.549	0.036	0.663	0.000
170.17	0.593	0.532	0.095	0.519	0.000
170.46	0.542	0.515	0.178	0.519	0.000
170.76	0.491	0.497	0.280	0.519	1.000
171.05	0.440	0.479	0.395	0.519	1.000
171.34	0.390	0.461	0.515	0.519	1.000
171.64	0.340	0.444	0.635	0.748	1.000
171.93	0.293	0.427	0.746	0.748	1.000
172.22	0.247	0.411	0.842	0.748	1.000
172.52	0.204	0.395	0.919	0.748	1.000
172.81	0.165	0.381	0.972	0.748	1.000
173.11	0.129	0.368	0.998	0.289	1.000
173.40	0.096	0.356	0.995	0.289	1.000
173.69	0.068	0.346	0.965	0.289	1.000
173.99	0.045	0.337	0.909	0.289	1.000
174.28	0.026	0.330	0.831	0.289	1.000
174.57	0.012	0.324	0.735	0.471	1.000
174.87	0.004	0.320	0.626	0.471	1.000
175.16	0.000	0.319	0.511	0.471	1.000
175.45	0.002	0.319	0.395	0.471	0.000
175.75	0.009	0.321	0.285	0.471	0.000
176.04	0.021	0.325	0.187	0.303	0.000
176.33	0.038	0.331	0.106	0.303	0.000
176.63	0.060	0.338	0.047	0.303	0.000
176.92	0.087	0.348	0.010	0.303	0.000
177.21	0.118	0.359	0.000	0.303	0.000
177.51	0.153	0.371	0.016	0.731	0.000
177.80	0.191	0.385	0.056	0.731	0.000
178.09	0.233	0.400	0.119	0.731	0.000
178.39	0.278	0.417	0.202	0.731	0.000
178.68	0.325	0.434	0.299	0.731	0.000
178.97	0.373	0.452	0.406	0.252	0.000
179.27	0.423	0.471	0.518	0.252	0.000
179.56	0.474	0.490	0.628	0.252	0.000
179.85	0.526	0.510	0.732	0.252	1.000
180.15	0.577	0.529	0.824	0.252	1.000
180.44	0.627	0.548	0.899	0.637	1.000
180.73	0.675	0.567	0.956	0.637	1.000
181.03	0.722	0.585	0.990	0.637	1.000
181.32	0.767	0.603	1.000	0.637	1.000
181.61	0.809	0.619	0.986	0.637	1.000
181.91	0.847	0.634	0.950	0.659	1.000
182.20	0.882	0.648	0.892	0.659	1.000
182.49	0.913	0.660	0.816	0.659	1.000
182.79	0.940	0.671	0.725	0.659	1.000
183.08	0.962	0.680	0.624	0.659	1.000
183.37	0.979	0.687	0.518	0.684	1.000
183.67	0.991	0.693	0.411	0.684	1.000
183.96	0.998	0.696	0.309	0.684	1.000
184.25	1.000	0.697	0.216	0.684	0.000
184.55	0.996	0.696	0.135	0.684	0.000
184.84	0.988	0.693	0.071	0.292	0.000
185.13	0.974	0.688	0.027	0.292	0.000
185.43	0.955	0.681	0.004	0.292	0.000
185.72	0.932	0.672	0.002	0.292	0.000
186.01	0.904	0.662	0.022	0.292	0.000
186.31	0.871	0.649	0.063	0.450	0.000
186.60	0.835	0.635	0.123	0.450	0.000
186.89	0.796	0.619	0.199	0.450	0.000
187.19	0.753	0.602	0.288	0.450	0.000
187.48	0.707	0.584	0.385	0.450	0.000
187.78	0.660	0.565	0.487	0.380	0.000
188.07	0.610	0.545	0.589	0.380	0.000
188.36	0.560	0.525	0.687	0.380	0.000
188.66	0.509	0.504	0.777	0.380	0.000
188.95	0.458	0.483	0.856	0.380	1.000
189.24	0.407	0.462	0.919	0.650	1.000
189.54	0.357	0.441	0.965	0.650	1.000
189.83	0.309	0.421	0.993	0.650	1.000
190.12	0.263	0.402	1.000	0.650	1.000
190.42	0.219	0.383	0.987	0.650	1.000
190.71	0.178	0.366	0.955	0.466	1.000
191.00	0.141	0.350	0.905	0.466	1.000
191.30	0.107	0.336	0.839	0.466	1.000
191.59	0.078	0.323	0.759	0.466	1.000
191.88	0.052	0.312	0.671	0.466	1.000
192.18	0.032	0.303	0.575	0.705	1.000
192.47	0.016	0.296	0.477	0.705	1.000
192.76	0.006	0.291	0.381	0.705	1.000
193.06	0.001	0.288	0.289	0.705	1.000
193.35	0.001	0.287	0.205	0.705	0.000
193.64	0.006	0.289	0.133	0.341	0.000
193.94	0.016	0.293	0.074	0.341	0.000
194.23	0.032	0.299	0.032	0.341	0.000
194.52	0.052	0.307	0.007	0.341	0.000
194.82	0.077	0.318	0.000	0.341	0.000
195.11	0.106	0.330	0.012	0.382	0.000
195.40	0.140	0.344	0.041	0.382	0.000
195.70	0.177	0.360	0.087	0.382	0.000
195.99	0.218	0.377	0.147	0.382	0.000
196.28	0.262	0.396	0.220	0.382	0.000
196.58	0.308	0.416	0.303	0.323	0.000
196.87	0.356	0.437	0.392	0.323	0.000
197.16	0.406	0.459	0.485	0.323	0.000
197.46	0.457	0.481	0.578	0.323	0.000
197.75	0.508	0.503	0.668	0.323	1.000
198.04	0.559	0.526	0.752	0.318	1.000
198.34	0.609	0.548	0.827	0.318	1.000
198.63	0.659	0.570	0.891	0.318	1.000
198.92	0.706	0.592	0.942	0.318	1.000
199.22	0.752	0.612	0.977	0.318	1.000
199.51	0.795	0.632	0.996	0.685	1.000
199.80	0.834	0.650	0.999	0.685	1.000
200.10	0.871	0.666	0.985	0.685	1.000
200.39	0.903	0.681	0.956	0.685	1.000
200.68	0.931	0.694	0.911	0.685	1.000
200.98	0.955	0.705	0.853	0.540	1.000
201.27	0.974	0.714	0.784	0.540	1.000
201.56	0.988	0.721	0.706	0.540	1.000
201.86	0.996	0.726	0.622	0.540	1.000
202.15	1.000	0.728	0.534	0.540	1.000
202.44	0.998	0.728	0.446	0.525	0.000
202.74	0.991	0.725	0.359	0.525	0.000
203.03	0.979	0.720	0.277	0.525	0.000
203.33	0.962	0.713	0.202	0.525	0.000
203.62	0.940	0.703	0.136	0.525	0.000
203.91	0.914	0.691	0.082	0.322	0.000
204.21	0.883	0.677	0.041	0.322	0.000
204.50	0.848	0.662	0.013	0.322	0.000
204.79	0.810	0.644	0.001	0.322	0.000
205.09	0.768	0.625	0.003	0.322	0.000
205.38	0.724	0.604	0.021	0.677	0.000
205.67	0.677	0.583	0.052	0.677	0.000
205.97	0.628	0.560	0.096	0.677	0.000
206.26	0.578	0.537	0.153	0.677	0.000
206.55	0.527	0.513	0.219	0.677	0.000
206.85	0.476	0.489	0.293	0.561	1.000
207.14	0.425	0.464	0.373	0.561	1.000
207.43	0.375	0.441	0.456	0.561	1.000
207.73	0.326	0.417	0.540	0.561	1.000
208.02	0.279	0.395	0.623	0.561	1.000
208.31	0.234	0.373	0.702	0.425	1.000
208.61	0.192	0.353	0.775	0.425	1.000
208.90	0.154	0.334	0.841	0.425	1.000
209.19	0.118	0.317	0.897	0.425	1.000
209.49	0.087	0.301	0.941	0.425	1.000
209.78	0.061	0.288	0.974	0.507	1.000
210.07	0.039	0.277	0.994	0.507	1.000
210.37	0.021	0.268	1.000	0.507	1.000
210.66	0.009	0.262	0.993	0.507	1.000
210.95	0.002	0.258	0.973	0.507	1.000
211.25	0.000	0.256	0.940	0.451	0.000
211.54	0.003	0.257	0.896	0.451	0.000
211.83	0.012	0.261	0.841	0.451	0.000
212.13	0.026	0.267	0.778	0.451	0.000
212.42	0.044	0.276	0.708	0.451	0.000
212.71	0.068	0.287	0.633	0.288	0.000
213.01	0.096	0.300	0.554	0.288	0.000
213.30	0.128	0.316	0.475	0.288	0.000
213.59	0.164	0.333	0.396	0.288	0.000
213.89	0.203	0.353	0.320	0.288	0.000
214.18	0.246	0.374	0.249	0.370	0.000
214.47	0.291	0.396	0.184	0.370	0.000
214.77	0.339	0.420	0.127	0.370	0.000
215.06	0.388	0.444	0.080	0.370	0.000
215.35	0.439	0.469	0.043	0.370	0.000
215.65	0.490	0.495	0.017	0.312	0.000
215.94	0.541	0.521	0.003	0.312	1.000
216.23	0.592	0.546	0.001	0.312	1.000
216.53	0.641	0.572	0.010	0.312	1.000
216.82	0.690	0.596	0.032	0.312	1.000
217.11	0.736	0.620	0.064	0.342	1.000
217.41	0.780	0.642	0.107	0.342	1.000
217.70	0.821	0.663	0.158	0.342	1.000
218.00	0.858	0.683	0.217	0.342	1.000
218.29	0.892	0.701	0.283	0.342	1.000
218.58	0.922	0.716	0.353	0.370	1.000
218.88	0.947	0.730	0.427	0.370	1.000
219.17	0.968	0.741	0.502	0.370	1.000
219.46	0.983	0.749	0.576	0.370	1.000
219.76	0.994	0.755	0.649	0.370	1.000
220.05	0.999	0.758	0.718	0.459	1.000
220.34	0.999	0.759	0.783	0.459	0.000
220.64	0.994	0.757	0.840	0.459	0.000
220.93	0.984	0.752	0.891	0.459	0.000
221.22	0.969	0.745	0.932	0.459	0.000
221.52	0.949	0.735	0.964	0.275	0.000
221.81	0.924	0.722	0.986	0.275	0.000
222.10	0.894	0.707	0.998	0.275	0.000
222.40	0.861	0.690	0.999	0.275	0.000
222.69	0.824	0.671	0.990	0.275	0.000
222.98	0.783	0.649	0.970	0.701	0.000
223.28	0.739	0.627	0.940	0.701	0.000
223.57	0.693	0.602	0.902	0.701	0.000
223.86	0.645	0.577	0.855	0.701	0.000
224.16	0.595	0.551	0.801	0.701	0.000
224.45	0.545	0.524	0.742	0.722	0.000
224.74	0.494	0.497	0.677	0.722	1.000
225.04	0.443	0.469	0.609	0.722	1.000
225.33	0.392	0.442	0.539	0.722	1.000
225.62	0.343	0.416	0.469	0.722	1.000
225.92	0.295	0.390	0.399	0.495	1.000
226.21	0.249	0.365	0.332	0.495	1.000
226.50	0.207	0.342	0.268	0.495	1.000
226.80	0.167	0.320	0.209	0.495	1.000
227.09	0.130	0.300	0.155	0.495	1.000
227.38	0.098	0.282	0.108	0.495	1.000
227.68	0.070	0.266	0.069	0.495	1.000
227.97	0.046	0.252	0.039	0.495	1.000
228.26	0.027	0.242	0.017	0.495	1.000
228.56	0.013	0.233	0.004	0.495	1.000
228.85	0.004	0.228	0.000	0.419	1.000
229.14	0.000	0.225	0.006	0.419	1.000
229.44	0.002	0.226	0.021	0.419	0.000
229.73	0.008	0.229	0.044	0.419	0.000
230.02	0.020	0.235	0.076	0.419	0.000
230.32	0.037	0.244	0.115	0.700	0.000
230.61	0.059	0.256	0.161	0.700	0.000
230.90	0.085	0.270	0.213	0.700	0.000
231.20	0.116	0.286	0.271	0.700	0.000
231.49	0.151	0.305	0.331	0.700	0.000
231.78	0.189	0.326	0.395	0.435	0.000
232.08	0.231	0.349	0.461	0.435	0.000
232.37	0.275	0.374	0.526	0.435	0.000
232.67	0.322	0.400	0.592	0.435	0.000
232.96	0.371	0.427	0.655	0.435	0.000
233.25	0.421	0.455	0.716	0.306	0.000
233.55	0.472	0.484	0.772	0.306	0.000
233.84	0.523	0.513	0.825	0.306	1.000
234.13	0.574	0.542	0.871	0.306	1.000
234.43	0.624	0.570	0.911	0.306	1.000
234.72	0.673	0.598	0.944	0.640	1.000
235.01	0.720	0.625	0.970	0.640	1.000
235.31	0.765	0.651	0.988	0.640	1.000
235.60	0.807	0.675	0.998	0.640	1.000
235.89	0.846	0.698	1.000	0.640	1.000
236.19	0.881	0.718	0.994	0.445	1.000
236.48	0.912	0.737	0.979	0.445	1.000
236.77	0.939	0.752	0.958	0.445	1.000
237.07	0.961	0.766	0.929	0.445	1.000
237.36	0.978	0.776	0.893	0.445	1.000
237.65	0.991	0.784	0.852	0.371	1.000
237.95	0.998	0.789	0.805	0.371	1.000
238.24	1.000	0.790	0.753	0.371	0.000
238.53	0.997	0.789	0.698	0.371	0.000
238.83	0.988	0.784	0.640	0.371	0.000
239.12	0.975	0.777	0.580	0.452	0.000
239.41	0.956	0.767	0.519	0.452	0.000
239.71	0.933	0.754	0.458	0.452	0.000
240.00	0.905	0.738	0.397	0.452	0.000
240.29	0.873	0.719	0.339	0.452	0.000
240.59	0.837	0.698	0.282	0.298	0.000
240.88	0.798	0.675	0.230	0.298	0.000
241.17	0.755	0.651	0.181	0.298	0.000
241.47	0.710	0.624	0.137	0.298	0.000
241.76	0.662	0.596	0.098	0.298	0.000
242.05	0.613	0.567	0.066	0.316	0.000
242.35	0.563	0.537	0.039	0.316	0.000
242.64	0.512	0.507	0.020	0.316	0.000
242.93	0.460	0.476	0.007	0.316	1.000
243.23	0.410	0.446	0.000	0.316	1.000
243.52	0.360	0.416	0.001	0.721	1.000
243.81	0.311	0.387	0.009	0.721	1.000
244.11	0.265	0.359	0.024	0.721	1.000
244.40	0.221	0.332	0.045	0.721	1.000
244.69	0.180	0.307	0.072	0.721	1.000
244.99	0.143	0.284	0.105	0.728	1.000
245.28	0.109	0.263	0.143	0.728	1.000
245.57	0.079	0.245	0.185	0.728	1.000
245.87	0.054	0.229	0.232	0.728	1.000
246.16	0.033	0.216	0.282	0.728	1.000
246.45	0.017	0.206	0.335	0.538	1.000
246.75	0.006	0.199	0.390	0.538	1.000
247.04	0.001	0.195	0.446	0.538	1.000
247.33	0.001	0.194	0.503	0.538	0.000
247.63	0.005	0.197	0.559	0.538	0.000
247.92	0.015	0.203	0.615	0.280	0.000
248.22	0.031	0.211	0.669	0.280	0.000
248.51	0.051	0.223	0.721	0.280	0.000
248.80	0.076	0.238	0.769	0.280	0.000
249.10	0.105	0.256	0.814	0.280	0.000
249.39	0.138	0.276	0.856	0.367	0.000
249.68	0.175	0.299	0.892	0.367	0.000
249.98	0.216	0.324	0.924	0.367	0.000
250.27	0.259	0.350	0.951	0.367	0.000
250.56	0.306	0.379	0.972	0.367	0.000
250.86	0.354	0.409	0.987	0.427	0.000
251.15	0.403	0.440	0.996	0.427	0.000
251.44	0.454	0.471	1.000	0.427	0.000
251.74	0.505	0.503	0.998	0.427	1.000
252.03	0.556	0.535	0.989	0.427	1.000
252.32	0.607	0.567	0.975	0.661	1.000
252.62	0.656	0.598	0.956	0.661	1.000
252.91	0.704	0.629	0.931	0.661	1.000
253.20	0.749	0.658	0.902	0.661	1.000
253.50	0.792	0.685	0.868	0.661	1.000
253.79	0.832	0.711	0.830	0.258	1.000
254.08	0.869	0.734	0.788	0.258	1.000
254.38	0.901	0.755	0.743	0.258	1.000
254.67	0.930	0.774	0.696	0.258	1.000
254.96	0.954	0.790	0.647	0.258	1.000
255.26	0.973	0.802	0.596	0.272	1.000
255.55	0.987	0.812	0.544	0.272	1.000
255.84	0.996	0.818	0.492	0.272	1.000
256.14	1.000	0.821	0.440	0.272	1.000
256.43	0.998	0.821	0.389	0.272	0.000
256.72	0.992	0.817	0.339	0.334	0.000
257.02	0.980	0.810	0.291	0.334	0.000
257.31	0.963	0.800	0.246	0.334	0.000
257.60	0.942	0.786	0.203	0.334	0.000
257.90	0.915	0.769	0.164	0.334	0.000
258.19	0.885	0.750	0.128	0.575	0.000
258.48	0.850	0.728	0.096	0.575	0.000
258.78	0.812	0.703	0.068	0.575	0.000
259.07	0.770	0.676	0.045	0.575	0.000
259.36	0.726	0.648	0.026	0.575	0.000
259.66	0.679	0.617	0.013	0.616	0.000
259.95	0.630	0.585	0.004	0.616	0.000
260.24	0.580	0.553	0.000	0.616	0.000
260.54	0.529	0.519	0.001	0.616	0.000
260.83	0.478	0.486	0.007	0.616	1.000
261.12	0.427	0.452	0.018	0.574	1.000
261.42	0.377	0.419	0.034	0.574	1.000
261.71	0.328	0.386	0.054	0.574	1.000
262.00	0.281	0.355	0.078	0.574	1.000
262.30	0.236	0.325	0.106	0.574	1.000
262.59	0.194	0.297	0.138	0.475	1.000
262.89	0.155	0.271	0.173	0.475	1.000
263.18	0.120	0.247	0.211	0.475	1.000
263.47	0.089	0.226	0.252	0.475	1.000
263.77	0.062	0.207	0.295	0.475	1.000
264.06	0.040	0.192	0.340	0.524	1.000
264.35	0.022	0.179	0.386	0.524	1.000
264.65	0.010	0.171	0.433	0.524	1.000
264.94	0.002	0.165	0.480	0.524	1.000
265.23	0.000	0.163	0.528	0.524	0.000
265.53	0.003	0.165	0.575	0.398	0.000
265.82	0.011	0.170	0.621	0.398	0.000
266.11	0.025	0.178	0.666	0.398	0.000
266.41	0.043	0.190	0.709	0.398	0.000
266.70	0.066	0.206	0.751	0.398	0.000
266.99	0.094	0.224	0.790	0.622	0.000
267.29	0.126	0.245	0.827	0.622	0.000
267.58	0.162	0.269	0.860	0.622	0.000
267.87	0.201	0.296	0.891	0.622	0.000
268.17	0.244	0.325	0.918	0.622	0.000
268.46	0.289	0.356	0.941	0.344	0.000
268.75	0.337	0.388	0.961	0.344	0.000
269.05	0.386	0.422	0.977	0.344	0.000
269.34	0.436	0.456	0.988	0.344	0.000
269.63	0.487	0.491	0.996	0.344	0.000
269.93	0.538	0.526	1.000	0.593	1.000
270.22	0.589	0.562	0.999	0.593	1.000
270.51	0.639	0.596	0.995	0.593	1.000
270.81	0.687	0.630	0.986	0.593	1.000
271.10	0.734	0.662	0.974	0.593	1.000
271.39	0.778	0.693	0.958	0.342	1.000
271.69	0.819	0.722	0.938	0.342	1.000
271.98	0.856	0.748	0.915	0.342	1.000
272.27	0.890	0.773	0.888	0.342	1.000
272.57	0.920	0.794	0.859	0.342	1.000
272.86	0.946	0.812	0.827	0.434	1.000
273.15	0.967	0.827	0.793	0.434	1.000
273.45	0.983	0.839	0.756	0.434	1.000
273.74	0.993	0.847	0.718	0.434	1.000
274.03	0.999	0.851	0.678	0.434	1.000
274.33	1.000	0.852	0.637	0.563	0.000
274.62	0.995	0.849	0.595	0.563	0.000
274.91	0.985	0.843	0.552	0.563	0.000
275.21	0.970	0.833	0.509	0.563	0.000
275.50	0.950	0.819	0.466	0.563	0.000
275.79	0.925	0.802	0.424	0.640	0.000
276.09	0.896	0.782	0.382	0.640	0.000
276.38	0.863	0.758	0.341	0.640	0.000
276.67	0.826	0.732	0.302	0.640	0.000
276.97	0.785	0.704	0.264	0.640	0.000
277.26	0.742	0.673	0.228	0.291	0.000
277.56	0.696	0.640	0.193	0.291	0.000
277.85	0.648	0.606	0.162	0.291	0.000
278.14	0.598	0.570	0.132	0.291	0.000
278.44	0.547	0.534	0.105	0.291	0.000
278.73	0.496	0.497	0.081	0.715	1.000
279.02	0.445	0.460	0.060	0.715	1.000
279.32	0.395	0.424	0.042	0.715	1.000
279.61	0.345	0.388	0.027	0.715	1.000
279.90	0.297	0.353	0.015	0.715	1.000
280.20	0.252	0.320	0.007	0.638	1.000
280.49	0.209	0.288	0.002	0.638	1.000
280.78	0.169	0.259	0.000	0.638	1.000
281.08	0.132	0.232	0.002	0.638	1.000
281.37	0.099	0.208	0.006	0.638	1.000
281.66	0.071	0.187	0.014	0.493	1.000
281.96	0.047	0.169	0.025	0.493	1.000
282.25	0.028	0.154	0.039	0.493	1.000
282.54	0.013	0.143	0.056	0.493	1.000
282.84	0.004	0.136	0.076	0.493	1.000
283.13	0.000	0.132	0.098	0.468	1.000
283.42	0.001	0.133	0.123	0.468	0.000
283.72	0.008	0.137	0.150	0.468	0.000
284.01	0.020	0.145	0.180	0.468	0.000
284.30	0.036	0.157	0.211	0.468	0.000
284.60	0.058	0.172	0.243	0.473	0.000
284.89	0.084	0.191	0.278	0.473	0.000
285.18	0.114	0.214	0.313	0.473	0.000
285.48	0.149	0.239	0.350	0.473	0.000
285.77	0.187	0.267	0.387	0.473	0.000
286.06	0.229	0.298	0.425	0.403	0.000
286.36	0.273	0.331	0.463	0.403	0.000
286.65	0.320	0.365	0.501	0.403	0.000
286.94	0.368	0.401	0.539	0.403	0.000
287.24	0.418	0.439	0.577	0.403	0.000
287.53	0.469	0.477	0.614	0.504	0.000
287.82	0.520	0.515	0.651	0.504	1.000
288.12	0.571	0.554	0.686	0.504	1.000
288.41	0.622	0.592	0.721	0.504	1.000
288.70	0.671	0.629	0.754	0.504	1.000
289.00	0.718	0.665	0.785	0.505	1.000
289.29	0.763	0.699	0.815	0.505	1.000
289.58	0.805	0.731	0.843	0.505	1.000
289.88	0.844	0.761	0.869	0.505	1.000
290.17	0.879	0.788	0.893	0.505	1.000
290.46	0.910	0.812	0.915	0.659	1.000
290.76	0.937	0.833	0.934	0.659	1.000
291.05	0.960	0.851	0.951	0.659	1.000
291.34	0.978	0.865	0.966	0.659	1.000
291.64	0.990	0.875	0.978	0.659	1.000
291.93	0.998	0.881	0.987	0.647	1.000
292.22	1.000	0.883	0.994	0.647	0.000
292.52	0.997	0.882	0.998	0.647	0.000
292.81	0.989	0.876	1.000	0.647	0.000
293.11	0.976	0.866	0.999	0.647	0.000
293.40	0.957	0.853	0.996	0.572	0.000
293.69	0.934	0.835	0.989	0.572	0.000
293.99	0.907	0.814	0.981	0.572	0.000
294.28	0.875	0.790	0.970	0.572	0.000
294.57	0.839	0.763	0.957	0.572	0.000
294.87	0.800	0.733	0.941	0.439	0.000
295.16	0.757	0.700	0.924	0.439	0.000
295.45	0.712	0.665	0.904	0.439	0.000
295.75	0.665	0.628	0.883	0.439	0.000
296.04	0.615	0.590	0.859	0.439	0.000
296.33	0.565	0.551	0.834	0.656	0.000
296.63	0.514	0.511	0.808	0.656	0.000
296.92	0.463	0.471	0.780	0.656	1.000
297.21	0.412	0.431	0.750	0.656	1.000
297.51	0.362	0.392	0.720	0.656	1.000
297.80	0.314	0.354	0.689	0.516	1.000
298.09	0.267	0.317	0.657	0.516	1.000
298.39	0.223	0.282	0.624	0.516	1.000
298.68	0.182	0.249	0.591	0.516	1.000
298.97	0.144	0.219	0.557	0.516	1.000
299.27	0.110	0.192	0.524	0.425	1.000
299.56	0.080	0.168	0.490	0.425	1.000
299.85	0.055	0.147	0.456	0.425	1.000
300.15	0.034	0.130	0.423	0.425	1.000
300.44	0.018	0.116	0.390	0.425	1.000
300.73	0.007	0.107	0.358	0.720	1.000
301.03	0.001	0.102	0.327	0.720	1.000
301.32	0.000	0.101	0.296	0.720	0.000
301.61	0.005	0.104	0.266	0.720	0.000
301.91	0.015	0.112	0.238	0.720	0.000
302.20	0.030	0.123	0.210	0.688	0.000
302.49	0.050	0.139	0.184	0.688	0.000
302.79	0.074	0.158	0.160	0.688	0.000
303.08	0.103	0.181	0.137	0.688	0.000
303.37	0.136	0.207	0.115	0.688	0.000
303.67	0.173	0.237	0.095	0.525	0.000
303.96	0.214	0.269	0.077	0.525	0.000
304.25	0.257	0.304	0.061	0.525	0.000
304.55	0.303	0.341	0.047	0.525	0.000
304.84	0.351	0.379	0.034	0.525	0.000
305.13	0.401	0.420	0.023	0.561	0.000
305.43	0.451	0.461	0.015	0.561	0.000
305.72	0.503	0.502	0.008	0.561	1.000
306.01	0.554	0.544	0.003	0.561	1.000
306.31	0.604	0.585	0.001	0.561	1.000
306.60	0.654	0.625	0.000	0.544	1.000
306.89	0.701	0.665	0.001	0.544	1.000
307.19	0.747	0.702	0.004	0.544	1.000
307.48	0.790	0.738	0.010	0.544	1.000
307.78	0.830	0.771	0.017	0.544	1.000
308.07	0.867	0.802	0.025	0.354	1.000
308.36	0.900	0.829	0.036	0.354	1.000
308.66	0.928	0.853	0.048	0.354	1.000
308.95	0.953	0.873	0.062	0.354	1.000
309.24	0.972	0.890	0.078	0.354	1.000
309.54	0.986	0.902	0.095	0.401	1.000
309.83	0.996	0.910	0.114	0.401	1.000
310.12	1.000	0.914	0.134	0.401	1.000
310.42	0.999	0.914	0.155	0.401	0.000
310.71	0.992	0.909	0.177	0.401	0.000
311.00	0.981	0.900	0.201	0.485	0.000
311.30	0.964	0.887	0.225	0.485	0.000
311.59	0.943	0.869	0.251	0.485	0.000
311.88	0.917	0.848	0.277	0.485	0.000
312.18	0.886	0.823	0.304	0.485	0.000
312.47	0.852	0.795	0.331	0.365	0.000
312.76	0.814	0.763	0.359	0.365	0.000
313.06	0.772	0.728	0.388	0.365	0.000
313.35	0.728	0.692	0.417	0.365	0.000
313.64	0.681	0.653	0.446	0.365	0.000
313.94	0.633	0.612	0.475	0.672	0.000
314.23	0.583	0.570	0.504	0.672	0.000
314.52	0.532	0.527	0.533	0.672	0.000
314.82	0.481	0.484	0.562	0.672	1.000
315.11	0.430	0.441	0.590	0.672	1.000
315.40	0.380	0.398	0.618	0.347	1.000
315.70	0.331	0.356	0.646	0.347	1.000
315.99	0.283	0.316	0.673	0.347	1.000
316.28	0.238	0.278	0.699	0.347	1.000
316.58	0.196	0.241	0.725	0.347	1.000
316.87	0.157	0.208	0.750	0.363	1.000
317.16	0.122	0.177	0.774	0.363	1.000
317.46	0.090	0.150	0.797	0.363	1.000
317.75	0.063	0.126	0.819	0.363	1.000
318.04	0.041	0.107	0.840	0.363	1.000
318.34	0.023	0.091	0.860	0.335	1.000
318.63	0.010	0.080	0.879	0.335	1.000
318.92	0.002	0.073	0.897	0.335	1.000
319.22	0.000	0.070	0.913	0.335	0.000
319.51	0.003	0.072	0.928	0.335	0.000
319.80	0.011	0.078	0.941	0.364	0.000
320.10	0.024	0.089	0.954	0.364	0.000
320.39	0.042	0.104	0.964	0.364	0.000
320.68	0.065	0.124	0.974	0.364	0.000
320.98	0.093	0.147	0.982	0.364	0.000
321.27	0.124	0.174	0.988	0.468	0.000
321.56	0.160	0.205	0.993	0.468	0.000
321.86	0.199	0.239	0.997	0.468	0.000
322.15	0.242	0.275	0.999	0.468	0.000
322.44	0.287	0.314	1.000	0.468	0.000
322.74	0.334	0.355	0.999	0.406	0.000
323.03	0.383	0.398	0.997	0.406	0.000
323.33	0.434	0.442	0.994	0.406	0.000
323.62	0.485	0.487	0.989	0.406	0.000
323.91	0.536	0.531	0.983	0.406	1.000
324.21	0.587	0.576	0.975	0.712	1.000
324.50	0.637	0.620	0.966	0.712	1.000
324.79	0.685	0.663	0.956	0.712	1.000
325.09	0.731	0.704	0.945	0.712	1.000
325.38	0.776	0.743	0.932	0.712	1.000
325.67	0.817	0.780	0.919	0.465	1.000
325.97	0.855	0.813	0.904	0.465	1.000
326.26	0.889	0.844	0.888	0.465	1.000
326.55	0.919	0.871	0.872	0.465	1.000
326.85	0.945	0.894	0.854	0.465	1.000
327.14	0.966	0.913	0.835	0.342	1.000
327.43	0.982	0.928	0.816	0.342	1.000
327.73	0.993	0.939	0.796	0.342	1.000
328.02	0.999	0.944	0.775	0.342	1.000
328.31	1.000	0.945	0.754	0.342	0.000
328.61	0.995	0.942	0.732	0.702	0.000
328.90	0.985	0.934	0.709	0.702	0.000
329.19	0.971	0.921	0.686	0.702	0.000
329.49	0.951	0.904	0.663	0.702	0.000
329.78	0.926	0.882	0.639	0.702	0.000
330.07	0.898	0.857	0.615	0.740	0.000
330.37	0.864	0.828	0.591	0.740	0.000
330.66	0.828	0.795	0.566	0.740	0.000
330.95	0.787	0.759	0.542	0.740	0.000
331.25	0.744	0.720	0.517	0.740	0.000
331.54	0.698	0.679	0.493	0.469	0.000
331.83	0.650	0.636	0.468	0.469	0.000
332.13	0.600	0.591	0.444	0.469	0.000
332.42	0.550	0.545	0.420	0.469	0.000
332.71	0.499	0.499	0.396	0.469	1.000
333.01	0.448	0.452	0.373	0.306	1.000
333.30	0.397	0.406	0.350	0.306	1.000
333.59	0.348	0.361	0.327	0.306	1.000
333.89	0.300	0.318	0.305	0.306	1.000
334.18	0.254	0.276	0.283	0.306	1.000
334.47	0.211	0.236	0.262	0.379	1.000
334.77	0.171	0.199	0.241	0.379	1.000
335.06	0.134	0.165	0.222	0.379	1.000
335.35	0.101	0.134	0.202	0.379	1.000
335.65	0.072	0.108	0.184	0.379	1.000
335.94	0.048	0.085	0.166	0.454	1.000
336.23	0.028	0.067	0.149	0.454	1.000
336.53	0.014	0.053	0.133	0.454	1.000
336.82	0.005	0.044	0.117	0.454	1.000
337.11	0.000	0.039	0.103	0.454	1.000
337.41	0.001	0.040	0.089	0.547	0.000
337.70	0.007	0.045	0.077	0.547	0.000
338.00	0.019	0.055	0.065	0.547	0.000
338.29	0.035	0.070	0.054	0.547	0.000
338.58	0.057	0.089	0.044	0.547	0.000
338.88	0.082	0.112	0.035	0.381	0.000
339.17	0.113	0.140	0.027	0.381	0.000
339.46	0.147	0.172	0.021	0.381	0.000
339.76	0.185	0.207	0.015	0.381	0.000
340.05	0.227	0.245	0.010	0.381	0.000
340.34	0.271	0.286	0.006	0.551	0.000
340.64	0.317	0.329	0.003	0.551	0.000
340.93	0.366	0.375	0.001	0.551	0.000
341.22	0.416	0.421	0.000	0.551	0.000
341.52	0.467	0.469	0.000	0.551	0.000
341.81	0.518	0.517	0.001	0.606	1.000
342.10	0.569	0.565	0.003	0.606	1.000
342.40	0.619	0.612	0.006	0.606	1.000
342.69	0.668	0.658	0.010	0.606	1.000
342.98	0.715	0.703	0.015	0.606	1.000
343.28	0.760	0.746	0.021	0.361	1.000
343.57	0.803	0.786	0.027	0.361	1.000
343.86	0.842	0.823	0.035	0.361	1.000
344.16	0.877	0.857	0.043	0.361	1.000
344.45	0.909	0.887	0.052	0.361	1.000
344.74	0.936	0.914	0.062	0.309	1.000
345.04	0.959	0.936	0.073	0.309	1.000
345.33	0.977	0.953	0.084	0.309	1.000
345.62	0.990	0.966	0.097	0.309	1.000
345.92	0.997	0.974	0.109	0.309	1.000
346.21	1.000	0.977	0.123	0.398	0.000
346.50	0.997	0.975	0.137	0.398	0.000
346.80	0.989	0.968	0.152	0.398	0.000
347.09	0.976	0.956	0.167	0.398	0.000
347.38	0.958	0.939	0.183	0.398	0.000
347.68	0.936	0.917	0.200	0.409	0.000
347.97	0.908	0.892	0.216	0.409	0.000
348.26	0.876	0.862	0.234	0.409	0.000
348.56	0.841	0.828	0.251	0.409	0.000
348.85	0.802	0.790	0.270	0.409	0.000
349.14	0.759	0.750	0.288	0.462	0.000
349.44	0.714	0.707	0.307	0.462	0.000
349.73	0.667	0.661	0.326	0.462	0.000
350.02	0.618	0.614	0.345	0.462	0.000
350.32	0.568	0.565	0.364	0.462	0.000
350.61	0.517	0.516	0.384	0.504	0.000
350.90	0.465	0.467	0.403	0.504	1.000
351.20	0.415	0.417	0.423	0.504	1.000
351.49	0.365	0.369	0.443	0.504	1.000
351.78	0.316	0.321	0.463	0.504	1.000
352.08	0.270	0.276	0.483	0.293	1.000
352.37	0.225	0.232	0.503	0.293	1.000
352.67	0.184	0.192	0.523	0.293	1.000
352.96	0.146	0.154	0.542	0.293	1.000
353.25	0.112	0.121	0.562	0.293	1.000
353.55	0.082	0.091	0.581	0.381	1.000
353.84	0.056	0.065	0.601	0.381	1.000
354.13	0.035	0.044	0.620	0.381	1.000
354.43	0.018	0.027	0.639	0.381	1.000
354.72	0.007	0.016	0.657	0.381	1.000
355.01	0.001	0.009	0.675	0.651	1.000
355.31	0.000	0.008	0.693	0.651	0.000
355.60	0.005	0.012	0.711	0.651	0.000
355.89	0.014	0.021	0.728	0.651	0.000
356.19	0.029	0.035	0.745	0.651	0.000
356.48	0.049	0.054	0.761	0.265	0.000
356.77	0.073	0.077	0.777	0.265	0.000
357.07	0.102	0.105	0.793	0.265	0.000
357.36	0.135	0.138	0.808	0.265	0.000
357.65	0.171	0.174	0.823	0.265	0.000
357.95	0.212	0.213	0.837	0.714	0.000
358.24	0.255	0.256	0.850	0.714	0.000
358.53	0.301	0.302	0.864	0.714	0.000
358.83	0.349	0.349	0.876	0.714	0.000
359.12	0.398	0.399	0.888	0.714	0.000
359.41	0.449	0.449	0.899	0.615	0.000
359.71	0.500	0.500	0.910	0.615	0.000
